100
597.58 811.77
694.21 316.84
585.60 76.04
347.52 924.75
207.62 804.22
161.08 521.52
309.65 756.80
150.32 796.67
784.34 269.13
739.77 244.44
728.12 168.83
162.00 992.32
588.59 998.47
581.03 259.17
903.64 249.87
926.61 214.29
968.32 448.80
814.36 929.71
773.83 791.28
728.71 434.11
53.33 123.28
710.30 160.98
955.52 522.86
501.05 991.10
665.56 5.73
83.06 177.80
423.95 887.38
474.60 301.64
233.09 170.13
293.53 823.42
964.17 986.02
599.49 336.29
353.61 558.57
239.18 460.16
708.55 425.09
976.29 820.68
108.74 44.85
87.33 783.63
953.93 179.93
142.12 961.65
242.86 238.27
597.25 178.43
360.00 481.63
775.91 289.56
529.60 597.92
213.56 927.19
515.54 58.41
969.88 616.00
190.81 681.61
741.25 441.88
328.13 968.19
792.15 596.20
995.84 258.77
427.60 53.41
286.21 925.64
57.80 858.78
794.12 854.14
315.65 370.08
698.34 960.52
418.12 335.36
85.97 697.42
150.24 777.91
243.80 579.25
296.27 742.38
105.64 934.80
579.64 28.76
714.86 671.07
210.47 745.52
776.68 168.50
346.51 640.19
719.30 193.90
373.57 815.51
333.87 457.28
352.94 198.69
733.65 975.19
108.98 243.11
946.79 238.62
284.20 201.50
626.82 662.28
113.76 238.69
526.37 175.27
548.82 176.99
630.62 833.98
892.54 69.75
128.25 696.29
717.17 874.64
682.73 437.14
568.53 662.49
235.59 371.15
788.89 380.59
721.91 234.15
169.75 886.54
799.85 284.89
382.71 252.92
225.16 167.45
336.57 254.14
782.43 702.12
497.26 656.61
61.87 475.76
807.62 171.60
