1000
455.70 516.40
990.10 181.06
105.79 649.31
720.45 799.03
989.20 149.24
300.70 721.51
350.91 849.41
456.72 352.78
992.96 235.48
527.62 903.20
988.66 219.33
432.02 373.21
110.52 231.84
724.52 776.19
603.90 487.54
889.45 122.12
118.77 778.37
961.52 296.91
126.15 565.35
195.47 624.46
417.92 171.15
813.01 739.91
132.34 451.76
796.71 62.17
639.75 737.07
508.72 385.79
81.71 447.39
788.62 559.43
399.25 135.33
220.60 911.65
900.30 68.52
342.17 783.71
774.21 183.91
224.28 244.24
210.02 682.65
779.68 220.02
193.07 993.22
684.19 488.57
220.70 999.73
492.93 179.67
446.95 219.09
942.37 166.91
377.23 751.39
66.81 447.46
420.80 980.75
349.97 879.07
824.32 521.13
129.03 100.28
594.27 756.72
936.26 253.36
164.87 370.17
289.64 89.96
392.97 324.17
750.78 377.65
510.12 853.35
45.93 708.92
391.92 919.24
933.12 827.71
541.43 953.95
709.93 179.81
388.13 990.63
657.13 786.13
240.16 559.00
853.80 374.31
385.91 864.25
905.94 358.59
827.86 366.58
399.77 915.84
130.83 916.92
165.29 695.42
34.59 513.85
983.73 732.17
318.00 794.80
308.09 227.06
164.32 675.96
593.04 624.54
931.68 805.93
278.89 430.02
58.06 292.13
433.27 408.08
905.65 172.17
617.23 807.00
960.23 343.62
399.92 304.96
487.02 81.97
273.15 4.95
511.30 655.86
357.72 77.07
824.24 989.51
59.31 335.54
705.08 317.52
758.39 111.48
782.65 225.79
13.92 120.87
618.82 234.57
116.36 945.17
167.90 388.32
658.03 380.87
813.10 68.71
452.14 723.90
712.79 829.45
450.46 279.64
500.85 123.40
712.23 251.86
819.12 180.25
850.84 896.63
47.77 666.44
906.06 186.50
828.81 403.44
939.69 708.90
35.66 51.82
865.79 258.59
347.54 540.76
223.92 770.87
938.84 456.41
148.91 658.04
807.51 579.92
690.93 711.29
580.72 551.66
899.06 151.88
274.43 503.12
747.53 54.50
190.29 644.58
50.51 184.08
190.23 90.70
972.24 681.63
882.18 415.38
884.92 228.48
842.03 97.60
277.83 744.89
962.46 934.74
229.47 963.72
948.05 783.34
469.30 513.79
967.31 60.41
777.59 366.95
91.18 434.01
443.65 339.18
512.58 176.97
410.34 983.80
941.64 10.36
386.72 948.66
370.63 262.34
972.73 597.89
908.09 87.81
30.70 687.70
282.12 517.59
515.11 137.20
977.23 89.95
759.62 147.54
373.31 294.34
229.28 379.48
720.09 717.16
618.56 104.85
85.64 52.04
872.42 239.54
855.20 440.04
796.37 106.81
523.52 286.15
276.96 168.06
453.75 95.12
998.00 908.89
301.09 370.43
350.35 451.94
233.89 627.06
259.99 554.35
720.72 676.76
314.29 912.70
51.01 818.74
355.12 95.81
833.99 864.44
628.58 431.95
503.51 119.31
610.75 519.88
167.53 528.13
531.90 313.12
814.53 593.91
797.94 174.78
647.17 977.48
462.15 781.66
47.25 489.33
158.59 665.31
594.75 791.70
116.23 991.67
515.41 938.77
803.40 657.79
900.69 593.31
803.48 99.41
802.73 17.86
645.89 222.12
690.59 983.80
396.96 267.70
870.56 141.85
375.12 426.46
463.28 384.47
259.29 572.86
788.52 526.12
975.97 61.56
782.69 483.45
837.44 390.72
718.44 330.14
160.41 721.74
657.25 263.35
311.92 843.92
285.44 696.35
531.79 418.08
527.79 458.29
820.99 40.60
151.11 953.51
194.48 869.73
631.17 536.85
593.08 878.23
538.43 906.63
332.56 627.88
744.30 654.47
227.93 934.33
332.21 960.78
721.86 557.67
166.39 430.26
64.60 119.85
798.60 462.84
833.71 217.21
121.53 781.33
159.46 97.28
766.46 134.59
414.83 497.28
994.83 287.10
665.56 941.91
466.06 363.72
969.62 264.11
544.74 123.21
200.27 334.37
382.28 87.23
361.20 735.15
429.85 549.77
259.04 581.81
819.44 258.29
816.85 966.45
894.46 808.38
654.19 793.80
55.63 370.24
689.69 529.98
307.80 591.20
902.15 126.93
144.61 827.79
903.53 200.86
71.43 727.29
271.56 652.76
315.57 150.15
690.86 179.03
764.26 701.42
632.47 207.84
575.05 497.06
885.83 920.35
509.01 244.38
296.76 585.09
940.97 114.84
623.38 470.11
569.33 123.03
577.64 355.30
153.20 463.47
767.69 483.73
380.35 921.02
983.21 660.07
187.11 414.56
650.30 410.68
544.90 447.77
143.30 218.82
382.86 84.79
673.77 465.24
733.98 309.76
270.23 628.20
227.61 248.58
117.68 968.82
600.74 58.05
977.57 461.49
417.21 11.29
150.99 25.00
883.01 410.81
18.79 721.26
911.25 996.36
872.99 766.86
52.23 899.38
252.24 341.66
507.37 887.72
436.99 689.97
532.94 651.07
139.94 608.14
911.60 894.97
177.06 619.88
271.60 545.57
56.93 45.52
696.45 920.60
245.47 180.12
776.01 280.90
558.27 73.09
281.21 588.34
686.02 535.49
852.41 246.89
182.80 862.17
67.11 867.09
632.48 558.36
616.33 721.79
24.66 51.72
402.54 636.66
243.71 54.62
629.44 487.61
916.24 891.06
870.56 56.32
397.49 685.02
507.53 293.05
651.85 686.17
179.25 182.81
939.76 154.49
875.26 358.58
323.65 149.63
372.77 915.89
700.33 739.12
47.15 732.41
504.84 624.95
117.45 420.88
303.50 84.39
882.33 613.89
491.30 223.68
162.50 704.82
675.44 744.13
794.44 615.35
307.27 570.80
553.20 676.32
685.52 166.20
968.93 68.36
114.85 98.32
76.71 617.60
29.84 991.72
197.49 834.10
971.22 232.12
24.12 426.61
506.01 752.33
0.00 37.52
340.66 875.54
829.04 403.85
388.99 365.40
330.10 666.39
440.29 997.49
145.20 862.49
709.12 304.97
736.79 685.96
74.05 861.21
811.05 973.04
783.66 199.50
314.07 235.26
621.81 675.23
607.98 171.23
79.46 245.33
994.28 168.28
833.75 836.44
403.52 364.33
701.70 707.68
591.99 810.71
118.05 410.99
417.55 101.29
457.81 40.56
315.21 960.32
923.13 130.23
87.84 256.05
770.08 259.23
974.40 229.34
486.47 238.29
179.45 677.74
496.02 533.18
733.23 217.71
466.72 199.28
484.02 18.84
173.62 500.99
131.10 896.12
85.60 502.19
673.54 268.83
618.90 659.31
731.06 679.60
655.34 826.99
846.29 212.85
960.01 532.70
551.44 670.04
115.49 661.37
809.10 846.98
129.08 660.96
65.45 57.84
320.56 854.43
219.23 260.16
537.67 475.27
598.12 841.61
72.26 846.88
290.93 364.07
411.73 206.70
943.47 486.04
904.55 685.68
729.63 31.13
775.35 722.55
577.02 614.19
570.92 634.20
424.21 524.64
524.37 389.13
451.77 482.78
610.60 501.22
524.60 507.05
513.17 498.44
688.43 514.96
542.02 538.32
488.39 488.28
480.93 525.65
546.69 473.43
475.64 536.05
431.88 468.00
422.65 512.09
500.94 462.67
444.98 440.54
512.30 476.31
410.92 465.63
527.05 422.15
462.18 512.86
539.75 538.80
520.16 509.45
472.77 522.12
537.30 627.07
426.32 548.63
496.91 522.66
423.08 527.79
478.61 479.82
490.04 557.79
529.61 610.72
507.47 518.76
609.01 545.28
531.63 458.73
537.51 563.90
478.79 552.39
587.42 465.80
438.69 522.64
508.59 599.84
405.64 511.58
505.43 444.25
585.95 482.99
456.29 531.61
434.11 529.47
463.97 557.84
487.17 455.42
383.80 430.26
455.43 512.63
605.79 445.07
487.77 446.18
518.00 477.75
524.36 523.10
394.58 587.23
463.00 541.87
483.07 555.82
447.79 456.59
486.95 526.33
460.45 554.22
473.43 576.05
527.59 511.97
454.33 549.92
496.46 478.12
532.16 604.24
635.72 526.88
469.10 524.03
489.56 513.93
478.47 521.71
499.48 553.19
457.42 492.21
466.57 522.37
460.51 530.97
453.22 475.38
562.59 532.02
583.69 587.27
516.39 499.34
512.43 427.13
564.69 585.98
499.11 528.16
545.73 492.93
491.62 459.54
475.95 535.79
484.48 576.16
544.03 475.54
509.38 553.34
510.95 554.98
431.73 507.99
520.14 595.11
448.47 434.10
517.20 552.99
447.90 513.19
499.52 445.28
432.68 528.47
475.37 443.92
508.92 465.06
422.24 494.47
500.21 547.50
564.77 496.98
502.20 549.62
442.10 573.22
525.88 485.72
523.07 480.52
519.30 491.59
505.12 510.74
463.14 484.47
477.92 541.20
477.65 425.51
499.12 568.78
501.94 473.15
427.25 514.70
536.41 449.12
523.89 472.39
544.66 506.57
492.67 485.37
533.20 504.33
520.71 505.99
493.05 503.37
470.32 531.69
447.13 545.45
535.13 424.34
503.16 548.66
456.88 500.82
422.74 512.34
550.33 493.04
544.07 452.86
461.97 543.45
464.52 539.85
530.22 566.88
434.27 465.75
631.65 560.33
481.23 539.17
566.24 510.89
482.46 395.96
467.05 471.68
452.23 473.50
510.04 446.92
467.75 499.45
527.70 419.62
477.62 431.72
447.18 455.20
519.09 499.81
582.45 550.69
409.43 574.53
434.66 504.25
466.00 623.96
452.35 545.29
585.39 467.62
529.09 497.97
528.73 432.19
489.61 588.63
532.94 489.98
484.17 433.71
582.28 490.38
505.17 477.30
449.59 372.49
469.75 486.69
569.35 525.89
499.13 491.45
499.11 545.34
584.11 540.76
499.28 484.87
416.38 557.62
430.01 480.10
479.82 502.97
478.88 531.63
531.20 511.66
463.06 485.13
557.90 480.07
413.68 463.87
544.04 473.95
468.75 455.68
567.81 495.30
497.08 552.89
457.07 504.41
518.47 487.19
538.71 442.14
565.79 485.52
496.26 534.66
435.38 558.14
498.27 461.89
474.33 419.83
496.25 506.57
461.33 566.15
466.35 471.26
503.18 437.43
369.05 475.90
410.91 475.43
500.14 444.74
588.37 512.46
409.80 538.49
555.79 455.68
469.84 442.40
469.29 438.18
487.91 509.84
466.14 539.33
484.70 436.87
527.99 458.62
551.59 479.66
511.79 375.68
577.21 528.20
479.78 492.08
499.91 519.62
417.32 459.28
506.72 401.02
395.60 407.68
487.96 423.74
507.53 490.71
479.88 465.56
540.76 545.80
511.82 407.48
451.45 413.12
532.14 475.50
503.39 527.82
510.90 487.18
534.31 497.19
447.43 527.61
453.95 387.78
407.79 536.73
550.19 445.30
451.47 612.73
557.21 500.51
562.85 551.16
489.84 549.12
572.02 481.89
456.23 459.88
467.44 435.40
437.26 582.36
489.57 481.03
541.49 515.65
545.03 534.90
539.86 486.38
483.66 553.07
516.61 518.12
543.10 440.97
542.56 516.67
502.31 518.79
486.64 476.19
524.75 463.08
471.00 528.87
500.46 537.75
504.07 505.06
488.02 573.40
477.29 457.41
576.07 460.52
552.43 420.53
495.97 511.38
532.69 553.41
458.35 463.29
484.44 500.79
533.79 532.76
482.79 495.72
466.27 452.09
507.38 458.61
486.53 446.05
495.27 584.95
497.39 571.56
500.05 552.04
483.31 440.76
509.44 442.13
578.60 531.96
447.45 480.26
467.04 478.46
450.86 555.56
514.20 443.17
474.70 471.06
558.36 427.77
480.30 531.04
485.75 471.03
463.89 389.35
541.08 562.72
468.11 487.85
494.02 419.11
526.43 544.74
517.93 554.43
520.49 505.98
478.24 463.70
497.17 528.21
470.80 567.08
529.34 528.73
504.61 533.71
518.42 415.68
479.91 517.28
606.19 505.63
468.02 436.69
530.48 517.62
491.85 494.38
501.60 384.66
492.99 449.34
500.59 436.00
479.44 439.92
516.27 435.11
503.95 447.59
463.67 547.60
584.02 516.78
470.26 473.94
587.25 507.67
435.48 550.35
555.16 422.62
556.42 449.99
548.87 467.33
480.05 408.52
621.32 512.46
463.45 463.45
760.59 760.59
223.23 223.23
548.76 548.76
232.54 232.54
735.78 735.78
665.23 665.23
499.94 499.94
209.51 209.51
776.92 776.92
214.32 214.32
393.41 393.41
726.34 726.34
240.43 240.43
345.27 345.27
702.29 702.29
596.02 596.02
422.40 422.40
337.14 337.14
776.39 776.39
315.28 315.28
364.50 364.50
710.75 710.75
669.27 669.27
619.14 619.14
720.31 720.31
388.43 388.43
357.10 357.10
784.90 784.90
678.37 678.37
325.54 325.54
338.21 338.21
511.05 511.05
402.16 402.16
236.19 236.19
230.68 230.68
602.25 602.25
705.26 705.26
662.15 662.15
764.96 764.96
712.77 712.77
297.24 297.24
708.05 708.05
598.68 598.68
216.58 216.58
486.71 486.71
377.77 377.77
267.29 267.29
369.71 369.71
400.24 400.24
315.27 315.27
708.37 708.37
224.63 224.63
791.45 791.45
230.18 230.18
736.98 736.98
337.10 337.10
392.62 392.62
260.09 260.09
718.42 718.42
268.60 268.60
706.08 706.08
339.67 339.67
282.41 282.41
679.37 679.37
260.35 260.35
782.77 782.77
633.07 633.07
226.91 226.91
306.20 306.20
592.26 592.26
237.40 237.40
661.41 661.41
350.46 350.46
465.23 465.23
754.23 754.23
225.56 225.56
252.84 252.84
721.70 721.70
294.94 294.94
225.93 225.93
716.99 716.99
530.66 530.66
491.56 491.56
721.06 721.06
499.56 499.56
485.36 485.36
611.87 611.87
799.21 799.21
292.22 292.22
693.77 693.77
328.92 328.92
702.21 702.21
688.51 688.51
590.82 590.82
442.59 442.59
210.06 210.06
270.12 270.12
330.04 330.04
502.15 502.15
493.65 500.00
724.61 500.00
478.52 500.00
647.61 500.00
305.02 500.00
388.03 500.00
806.55 500.00
721.82 500.00
561.79 500.00
469.54 500.00
433.12 500.00
800.34 500.00
498.85 500.00
406.49 500.00
293.83 500.00
820.70 500.00
188.23 500.00
548.20 500.00
795.36 500.00
63.76 500.00
661.18 500.00
154.03 500.00
508.14 500.00
138.59 500.00
440.14 500.00
378.65 500.00
571.24 500.00
861.96 500.00
868.01 500.00
440.67 500.00
768.76 500.00
501.89 500.00
674.20 500.00
229.76 500.00
703.73 500.00
411.80 500.00
617.71 500.00
671.73 500.00
327.41 500.00
669.83 500.00
637.83 500.00
776.90 500.00
886.23 500.00
314.04 500.00
738.01 500.00
984.72 500.00
231.37 500.00
68.18 500.00
625.32 500.00
880.38 500.00
83.52 500.00
945.89 500.00
687.82 500.00
6.98 500.00
996.55 500.00
960.81 500.00
985.03 500.00
604.10 500.00
728.91 500.00
625.01 500.00
617.87 500.00
416.86 500.00
723.46 500.00
954.85 500.00
974.44 500.00
304.20 500.00
577.54 500.00
94.29 500.00
877.19 500.00
288.21 500.00
158.79 500.00
558.79 500.00
437.26 500.00
251.27 500.00
211.00 500.00
480.61 500.00
765.07 500.00
355.31 500.00
490.05 500.00
447.69 500.00
939.60 500.00
152.99 500.00
811.02 500.00
759.91 500.00
232.36 500.00
679.85 500.00
597.30 500.00
34.89 500.00
767.85 500.00
824.64 500.00
622.42 500.00
724.88 500.00
101.40 500.00
664.19 500.00
344.65 500.00
43.80 500.00
592.26 500.00
764.90 500.00
543.01 500.00
32.72 500.00
404.44 404.44
404.44 404.44
404.44 404.44
404.44 404.44
404.44 404.44
404.44 404.44
404.44 404.44
404.44 404.44
404.44 404.44
404.44 404.44
404.44 404.44
404.44 404.44
404.44 404.44
404.44 404.44
404.44 404.44
404.44 404.44
404.44 404.44
404.44 404.44
404.44 404.44
404.44 404.44
404.44 404.44
404.44 404.44
404.44 404.44
404.44 404.44
404.44 404.44
404.44 404.44
404.44 404.44
404.44 404.44
404.44 404.44
404.44 404.44
404.44 404.44
404.44 404.44
404.44 404.44
404.44 404.44
404.44 404.44
404.44 404.44
404.44 404.44
404.44 404.44
404.44 404.44
404.44 404.44
404.44 404.44
404.44 404.44
404.44 404.44
404.44 404.44
404.44 404.44
404.44 404.44
404.44 404.44
404.44 404.44
404.44 404.44
404.44 404.44
404.44 404.44
404.44 404.44
404.44 404.44
404.44 404.44
404.44 404.44
404.44 404.44
404.44 404.44
404.44 404.44
404.44 404.44
404.44 404.44
404.44 404.44
404.44 404.44
404.44 404.44
404.44 404.44
404.44 404.44
404.44 404.44
404.44 404.44
404.44 404.44
404.44 404.44
404.44 404.44
404.44 404.44
404.44 404.44
404.44 404.44
404.44 404.44
404.44 404.44
404.44 404.44
404.44 404.44
404.44 404.44
404.44 404.44
404.44 404.44
404.44 404.44
404.44 404.44
404.44 404.44
404.44 404.44
404.44 404.44
404.44 404.44
404.44 404.44
404.44 404.44
404.44 404.44
404.44 404.44
404.44 404.44
404.44 404.44
404.44 404.44
404.44 404.44
404.44 404.44
404.44 404.44
404.44 404.44
404.44 404.44
404.44 404.44
404.44 404.44
